0 0.3975237126935993 0.054773632894482525 0.027795624314693065 0.040769574934976134
0 0.6708510103281478 0.06042023290667617 0.03295148882949561 0.04489086385358842
0 0.6956680699398643 0.09659792247571444 0.03327294957568072 0.06230531659042628
0 0.19540128094411038 0.5449018143770986 0.029954174108672574 0.07601055346037211
0 0.20860421030144938 0.11638116836547853 0.03346727605451613 0.06111390967118115
0 0.320556172153406 0.875157540304619 0.06344073557714269 0.07098040664405159
0 0.5061313116062455 0.0995065956784968 0.0331925063105355 0.06728429961622806
0 0.6613448739748948 0.12242720001622245 0.03503141347427807 0.06787689108597604
0 0.2979278006748848 0.12597450457121198 0.0341557508323625 0.06729571024576826
0 0.5365100436740452 0.06561708032039175 0.03230098255893632 0.05400469428614567
0 0.5782229774876646 0.9173749622545742 0.05826858609740492 0.04574912891053284
0 0.4725465161061427 0.07501173646826494 0.03057785480343123 0.06344317135057949
0 0.21014293313723553 0.8765994289465112 0.04988543192545572 0.07494782564932834
0 0.4480984782614903 0.11749888302987083 0.03178280835960351 0.06405000519334224
0 0.7002141852127879 0.1634242827432198 0.038764552066200775 0.0669427001685427
0 0.5678766931009571 0.0875297533838372 0.03209240115873979 0.06670094791211573
0 0.33722092254817126 0.10925919967785219 0.033536119070666615 0.06653913698698347
0 0.3997638992398802 0.11261855510243197 0.031623974181057946 0.06701778947261343
0 0.2580258330406501 0.13418937984265772 0.03479365298622533 0.06848336939226116
0 0.662550608317057 0.20404206660755897 0.036985207719412605 0.07344229179516187
0 0.48130122402258096 0.1447016356284158 0.03308511477464826 0.06752443313598629
0 0.22631180077268373 0.16656154080441124 0.03821746647706503 0.07039111120659008
0 0.5928091528820015 0.19508120051601474 0.0325898733752511 0.08159511967709192
0 0.6042028059039195 0.11150587650767543 0.03561321057771383 0.07147317183645148
0 0.2006748210616976 0.2273729140298409 0.027383246617010474 0.07220795280054998
0 0.3709392324525711 0.13093519210815432 0.0322045443350808 0.06818525414717831
0 0.5343270106622353 0.13468033807319504 0.03589821977224961 0.07137664995695409
0 0.3495422831752844 0.18312734470032813 0.03049453378420824 0.07168072148373256
0 0.5639329430652643 0.16503958116497913 0.03267147666529602 0.07039833068847656
0 0.7125480384157414 0.6316609968218888 0.03622628373709336 0.06726315146998374
0 0.4203477826034813 0.1647335562789649 0.03594033759936954 0.06805703514500666
0 0.6790164702119883 0.9106548041628113 0.06245306360791291 0.05344330637078453
0 0.3867236466435661 0.19545020555195058 0.03275341457790798 0.07693275652433698
0 0.45809378819158875 0.9229893600731565 0.06256861993443902 0.06610589278371692
0 0.5114219174747577 0.18101248824805544 0.037015502215826 0.06031424539131028
0 0.6278569182457283 0.1716330176905582 0.034500389768366446 0.07345296625505415
0 0.4576292428356863 0.19781580305936047 0.03726339061357814 0.0750039585849695
0 0.6983374656989559 0.23974641164143887 0.03987714979383672 0.06672293679756036
0 0.7072369313379478 0.31097617065697397 0.0393172593144645 0.06297835969088367
0 0.3174125269839637 0.17840318512498288 0.03280331795675695 0.06915129276744109
0 0.6594609043054419 0.29042323430379235 0.0394138090791758 0.07356130031117225
0 0.3639195760091146 0.25269623806602076 0.03792656792534721 0.07190941927725814
0 0.6951150280690332 0.3810464792084275 0.039008335760462254 0.07528114318847662
0 0.5287153009782758 0.3148826799894634 0.04032799793265718 0.07217367071854441
0 0.5041853029128405 0.24807796980205335 0.036372179176375086 0.0690010305036578
0 0.5952127690900836 0.8600941038968276 0.061913964344046946 0.06021867718612938
0 0.40895366110996895 0.29967109780562545 0.03667302717242321 0.0679618601213422
0 0.6221115603084452 0.25195675565485376 0.03769219827930825 0.07083548161021452
0 0.222198017856531 0.30531826353909675 0.034979836982593215 0.06726582845052081
0 0.46898684585303585 0.2844481886478893 0.03944187275847488 0.0771208646004661
0 0.42258642988595346 0.2420104930275365 0.04111926876313504 0.06594288140012508
0 0.44064545213130496 0.3430039255242599 0.04232725623058286 0.07638295491536468
0 0.26581983956677163 0.3460570218270286 0.04310117130391086 0.06821481805098678
0 0.23738827621727662 0.23214998579861829 0.035298129968476005 0.07049210866292319
0 0.3724320060328435 0.33757390474018323 0.03633806998269595 0.0761693987930031
0 0.5465321457176876 0.22924409832870754 0.038344756901612764 0.07033669321160568
0 0.6537829839695267 0.3886632082755104 0.036870231405336296 0.07617763050815497
0 0.58278571234809 0.2845686862343236 0.039718181766264626 0.07400693391498775
0 0.27131715294910463 0.27678687112373224 0.038678799456323076 0.06874419095223405
0 0.27980334856356787 0.20039633700722143 0.037145402696397545 0.07382560194584364
0 0.6214885600129065 0.34717114766438806 0.03932814570198284 0.07886317738315518
0 0.331072065565321 0.3094354177776135 0.0381324277286641 0.06779816276148742
0 0.37247573004828555 0.4456593697531181 0.040937390243798 0.07949139779074149
0 0.31390866062097383 0.2517435592517518 0.03605029457493836 0.06774358582078366
0 0.2519171196117736 0.8136514697158546 0.05849523711622809 0.07590718854937606
0 0.4940634387278419 0.3520931779292592 0.039567824692753994 0.07249738459001509
0 0.7086114269948145 0.4800016503585012 0.03986684341876834 0.0691678900467722
0 0.20535410496226525 0.745339075724284 0.04860132897806448 0.07509405571117733
0 0.5368850440309758 0.4260429415786473 0.04497755619517541 0.08021896763851727
0 0.4411333764505664 0.490531469646253 0.042513574075977834 0.07581091763680442
0 0.2206139369317662 0.3852784508153013 0.04132669013843199 0.07191497401187302
0 0.40925247906244294 0.4071409660473206 0.039941129628677796 0.07466152258086634
0 0.20180141716672662 0.6479162249648779 0.044912717495745325 0.07430548416940785
0 0.6610039381953011 0.8241009293941031 0.057451080857661714 0.06972550509268771
0 0.6496649848090276 0.482554418998852 0.04742619029262619 0.07305466501336344
0 0.21126652321620287 0.46604491116707775 0.042562652052494515 0.0694624248303865
0 0.6681770190858006 0.5509870930721891 0.04832431726288366 0.07027759886624574
0 0.5740839417217766 0.3692098082157604 0.04146468848512863 0.07483750058893573
0 0.599609553465369 0.44514532256544664 0.04282151607044959 0.0702656528405976
0 0.46842519302814334 0.42224957650167894 0.044588144759685644 0.0726527833102042
0 0.5020511694121779 0.4886612139250104 0.0475284955654926 0.07260078296326766
0 0.48342714811626236 0.5688162686532003 0.04371986612241879 0.07045183683696554
0 0.3332832961054572 0.3992069143997995 0.043011135525173605 0.077877680460612
0 0.34552047684875853 0.5149195319727848 0.0431914078561883 0.07419388754326012
0 0.5873216774031432 0.5261752312643484 0.044514527794910386 0.06873378419039539
0 0.5776243377150149 0.688601677877861 0.04570600721571183 0.07657817372104514
0 0.39941337094669466 0.5387358414499382 0.0470713565224095 0.07795568098101707
0 0.353630422848707 0.6041568287631925 0.047034726505391145 0.06460598058867928
0 0.2714994330155222 0.42255033526504254 0.04523584020068084 0.06747904995031523
0 0.2967169800697014 0.532405602304559 0.04263584516201796 0.07990756787751846
0 0.2584015472590575 0.4899885612621644 0.042032654522455165 0.06992433782209434
0 0.2756225295931274 0.6385198894299959 0.05120767069141752 0.07456555282860466
0 0.4901271173131394 0.8546776018644638 0.06006680315698082 0.06217856156198609
0 0.7047214842679207 0.7589021649276999 0.047049316049319286 0.07250896253083872
0 0.39225976508960386 0.8910690106843648 0.05994468822813864 0.06688014247961205
0 0.6709206787466306 0.6562257064016243 0.048333017449629805 0.07725872909813591
0 0.6159098218058985 0.5996342374567399 0.04758029513888884 0.07190951966402814
0 0.3422934102733231 0.7835497605173214 0.05459924887495426 0.07029770968253146
0 0.2782777485094573 0.7279427177027652 0.05069830821968658 0.06995050530684632
0 0.5306744491844848 0.6910697535464636 0.04253026058799336 0.07773001152172433
0 0.4263125637121367 0.6233823006613213 0.05182656628346578 0.07804147820723695
0 0.23630789148877238 0.5787763093647204 0.04435038427163282 0.07594553629557299
0 0.5407802291780888 0.5636104282579926 0.04384483649716763 0.07869958041007064
0 0.5717250087804961 0.7875436481676604 0.05285064518800264 0.060373138963130464
0 0.47518711201628727 0.6763775139524226 0.04898856536686762 0.07146299931040978
0 0.3452436324448614 0.6861598700807806 0.04916089598895512 0.07054947970206293
0 0.6343023289016814 0.7319943612081964 0.050982380471034316 0.06944154438219574
0 0.47510091324298687 0.7677530991403683 0.0555843777126736 0.06436659160413294
0 0.40385880944324515 0.7103595064397444 0.04918465419122349 0.07250327394719724
0 0.416692120289942 0.8089739146985504 0.05626464308353906 0.06895185771741374
