0 0.689754530700326 0.1377332377852055 0.031860039248103766 0.060340755864193574
0 0.42924999214752363 0.1252111970332631 0.02826909293905339 0.06462488676372326
0 0.6653757820352476 0.10373911104704206 0.03152528283191702 0.04277000092623526
0 0.30756671526278667 0.17055049695466692 0.03290279009188829 0.06462739643297696
0 0.2219961400617632 0.16112593600624486 0.0320379469129774 0.05939015170984105
0 0.47528009247361575 0.11998158170465839 0.02938235991182392 0.06126413847270761
0 0.2693358750371208 0.1782747737148351 0.0333814565201252 0.06609776145533516
0 0.20874757376330638 0.5767214089109185 0.02832994962993424 0.07249902424059418
0 0.6571924309981498 0.16298150179678944 0.03360529670938406 0.06585666589569628
0 0.23881370142886518 0.2093425215336314 0.03623020997521481 0.06733455992581547
0 0.5366607353701229 0.11027148731967859 0.030776129828559037 0.05177966335363554
0 0.4517346655416209 0.16140860005428917 0.03030841671235379 0.062119417023240475
0 0.24922380949321546 0.27269665400187176 0.033870763945997806 0.067903200785319
0 0.5076031155056423 0.14380554149025365 0.03174515216671231 0.06477211232770953
0 0.34518333345825913 0.15416479947274192 0.03222096314904277 0.06399830600671602
0 0.4053049812539975 0.15714011694255636 0.03038194444444442 0.06528659452471819
0 0.4654086375097084 0.9419112289161015 0.06066885607981537 0.06144694278114727
0 0.3776741139372887 0.1750974906118292 0.030706059862995686 0.0665163240934673
0 0.6948614957039811 0.2020827092622455 0.037232560721057295 0.06439839747914086
0 0.5667696277997649 0.13115311087223527 0.030617474115382848 0.06453529993693038
0 0.7116262870922426 0.6557138342606393 0.03328245285658793 0.06519163700572239
0 0.6020685162460597 0.15395653038694143 0.034340350948579124 0.06891575194241703
0 0.33032582377829756 0.8986193673652516 0.06259277968378801 0.07126610739189275
0 0.4842142027023938 0.18737849854586414 0.032035158391584495 0.06567031458804481
0 0.21428362528483075 0.2683036118222957 0.026295779044168074 0.0696618766115423
0 0.5348644814296073 0.17741142239486965 0.0341524269148622 0.06862588514361467
0 0.5917906733284223 0.23435751597086585 0.03103905393366258 0.07800262852718956
0 0.4252970065289769 0.20726350315830153 0.034604390462239565 0.06531255287036564
0 0.6590882909228228 0.24197242971052207 0.03557283278794321 0.07053992622777033
0 0.5637752019871047 0.2058527093184621 0.031271638926009704 0.06726830465751785
0 0.32636204100491706 0.22065320767854385 0.031087395740531213 0.06613033696224813
0 0.3573418332819353 0.22524463084706078 0.029034530907346482 0.06920993537233588
0 0.3930826465985928 0.2364926421851444 0.03137885199652779 0.07469498483758219
0 0.6254070348906935 0.21123584948087987 0.03309087028280333 0.06993340609366427
0 0.5838561476322642 0.9358912016216081 0.056954813282392165 0.04214598003186687
0 0.5132943538197299 0.22193711264091626 0.035393385859260884 0.058050691035755886
0 0.2901625716895388 0.24201161401313645 0.03566748635810718 0.07129483473928339
0 0.46138393112093384 0.2386631631014639 0.035397089015670624 0.07193577080442198
0 0.6940300032409311 0.2757087506745988 0.03814438490839733 0.06407546997070307
0 0.6569091841491346 0.3254720119007846 0.037546749003449564 0.07102678533185991
0 0.23472106665895706 0.3435454786869518 0.0336210462782118 0.0651528877124451
0 0.6831078334161416 0.9287084947552604 0.061137595371893456 0.051401841013055005
0 0.47281858656141496 0.322357177734375 0.03755308452405437 0.0743420918782553
0 0.28185919153760053 0.3155691749171206 0.037007382041529646 0.06650720562851214
0 0.2225340681466443 0.899752432839912 0.047870970608895294 0.07435085898951499
0 0.7031916568153781 0.3441244928460372 0.03750494349072553 0.060713952047783126
0 0.41480629904228344 0.33730438299346394 0.035413418596948076 0.06578609399628205
0 0.339808882328502 0.3474170115956086 0.036694353784036904 0.06547576502749791
0 0.6205327887284128 0.2888473376893161 0.036214281941017834 0.068588792232045
0 0.692587690743786 0.41239266646535766 0.03763004771450096 0.07251030102110746
0 0.5066979168451317 0.28676257217139534 0.034518102456254585 0.06661451908580052
0 0.4456212004722908 0.37915435590242064 0.04033861662212179 0.0726676740144428
0 0.42782835932502983 0.2812986541212651 0.03966620372749907 0.06332839162726153
0 0.5473558303208376 0.2679937345939771 0.03678198028029056 0.06781767125715288
0 0.37114784731502426 0.29251605586001755 0.03625287507709707 0.0698073872348719
0 0.3796718775877479 0.37475172678629565 0.03498159932811362 0.07341548852753221
0 0.5827466730485881 0.32085801844011264 0.0377576504534447 0.07086961311206486
0 0.32309331391987056 0.2915842909561961 0.034453654149819546 0.06561103620027248
0 0.5305845026384318 0.3511556324205901 0.039047151978253036 0.06959352995219992
0 0.652587132147181 0.42076644562838383 0.035559670966968215 0.07302491706714298
0 0.49736681040267494 0.38769616578754623 0.037583334404125424 0.07024266427023373
0 0.23281419765182407 0.42105820304469055 0.03992821319758541 0.0690896887528269
0 0.2765325356645193 0.38280774835954645 0.04149632147181098 0.06574115418551268
0 0.6207155595745956 0.38117959206564395 0.03760323329278592 0.07629237258643418
0 0.7067144962779257 0.507946265371222 0.03826480441623292 0.06682482936926054
0 0.47306002789770646 0.4561089130870084 0.04237999274716747 0.07060405664276664
0 0.38009102581537263 0.47970878868772265 0.03921707331785679 0.07695335254334557
0 0.3421484517772295 0.43468908678021334 0.041268555044430666 0.0751593405740304
0 0.4155546935678226 0.4422442787571958 0.038047210514894125 0.0727778652258087
0 0.5752766034756486 0.40311754795542937 0.039774130659493756 0.07229838454932491
0 0.2629614712899191 0.8383161979809138 0.05782715200680738 0.0739331161766722
0 0.28225155880576674 0.45718295114082175 0.04343586079558436 0.06551792747096014
0 0.44673163430732593 0.5229635573270027 0.0407915171126873 0.0734693627608452
0 0.5392735576071932 0.45891619565194103 0.04319499947174254 0.07707719635545157
0 0.6496095490037349 0.512033880802623 0.04526073611967741 0.07003078126070783
0 0.6001311631230584 0.8807950940048489 0.06058212191040734 0.05860452484666256
0 0.2138656705443623 0.6765798602187842 0.045088606271130344 0.07138891387404066
0 0.5894367597256486 0.5555033265498645 0.04249367518731716 0.06600895262601081
0 0.6006834911324129 0.4764569433111894 0.04111034549467741 0.06813661675704158
0 0.5060933430989583 0.520151757357413 0.04603612353230074 0.06989458987587377
0 0.22402449936894653 0.49966653188069643 0.041235003555030125 0.06827548512241305
0 0.2698033985338714 0.5225672136273299 0.04029750266270332 0.06744846544767669
0 0.6644486990588452 0.8445327156468444 0.05611138594777964 0.06737203765333744
0 0.668340247974061 0.5781474866365133 0.04658378913388617 0.06766362775836077
0 0.3069484331454449 0.564504640144214 0.04087892052722952 0.07727094282183733
0 0.21773303740205818 0.7718614946331891 0.04717317101551077 0.07378869307668567
0 0.7060583237318967 0.780317406905325 0.04500187210172236 0.07014532256544681
0 0.35413858067919635 0.547082733689693 0.04191906131498996 0.07150509482935852
0 0.36248804951271807 0.6337861178214087 0.04543025591220074 0.06269903350294692
0 0.6724306965431969 0.6806945800781246 0.04673079998172492 0.07443103455660638
0 0.48829936423496906 0.5985831545110334 0.04216904668082987 0.0684438337359512
0 0.2865925281368502 0.6677216312341518 0.04918021486516582 0.07242631075675021
0 0.4065527888069376 0.570214606167977 0.045423585769028725 0.07494297362210456
0 0.6178589090269212 0.6266289091946785 0.045992801063939215 0.07028164779930768
0 0.5813879269605493 0.7137525123462347 0.04465738932291662 0.07384069342362266
0 0.2889605628119575 0.7547228963751542 0.049705349213895744 0.06796124106959267
0 0.5442699410064877 0.5926407261898643 0.04232895165159 0.07551628246642017
0 0.4117582890025357 0.7368591375518266 0.047487314681560644 0.06993149874503146
0 0.24823602598313 0.6092881989060789 0.042688693219458146 0.07334605434484676
0 0.4969311764365749 0.8769011915775764 0.058915032280816015 0.06062986139665572
0 0.6373172782317935 0.7553059427361738 0.04968520493535266 0.0671879952413994
0 0.4009705036007172 0.9128053230151791 0.05854021038925438 0.06536958928693803
0 0.5355326334635415 0.7168760132371329 0.04156645836188789 0.07558126616896244
0 0.4331594322159973 0.6524483530144942 0.050105089332625245 0.07618472450657898
0 0.35160427205046685 0.808407967550713 0.053038189982810235 0.06824841415672978
0 0.3543299624794408 0.7134161162794682 0.047668367798565425 0.06754517136958604
0 0.4811540570175441 0.7032487434253357 0.04748981319672884 0.06890815601014255
0 0.48150206448739025 0.7919715747498627 0.054168879637244205 0.06260480378803446
0 0.4246406555175781 0.8324386529755172 0.05504617077565328 0.06638222409967764
0 0.5764400192171513 0.8103939859490639 0.05166153043334242 0.05829586899071392
