0 0.7817821502685546 0.6734175682067874 0.016571044921875 0.03351104259490967
0 0.7832705179850261 0.6192347705364226 0.01622041066487634 0.03432995080947876
0 0.7311015526453651 0.8103585541248323 0.020552237828572517 0.022705852985381747
0 0.6781401038169864 0.21793442964553833 0.023357033729553223 0.03863188624382022
0 0.6038477420806886 0.8001732528209687 0.020758072535197014 0.027123749256134033
0 0.5944987932840983 0.11033891513943672 0.01427117983500159 0.03188078850507736
0 0.7512523333231609 0.2887816727161407 0.01987854639689124 0.02973085641860962
0 0.6329039136568708 0.1491342186927795 0.025034944216410504 0.03860032558441162
0 0.6127172509829204 0.17245324701070786 0.022455573081970215 0.04148845374584198
0 0.5746532877286278 0.7337206304073329 0.0165175199508667 0.04141110181808472
0 0.6632741093635562 0.7934894561767578 0.020756125450134277 0.04952383041381836
0 0.7273334264755248 0.22804709523916242 0.022133588790893666 0.035946056246757535
0 0.7103127241134644 0.2878058105707167 0.019563277562459125 0.02863374352455128
0 0.5836285750071206 0.7728343009948734 0.02046934763590491 0.04236435890197788
0 0.6979694366455078 0.2471280172467231 0.0197580655415851 0.03937964141368863
0 0.6130927602450054 0.7548786103725437 0.019691665967305427 0.04142099618911743
0 0.7485072215398147 0.738986164331436 0.0205957889556887 0.03920966386795055
0 0.6297763983408613 0.0998657457530499 0.0271951357523601 0.029908157885074615
0 0.5792391101519268 0.679928690195084 0.021856506665547615 0.03732532262802124
0 0.7325241565704346 0.26764911413192755 0.02201302846272768 0.040110230445861844
0 0.5792569120724994 0.638753533363342 0.022162318229675293 0.03528273105621327
0 0.6209585666656494 0.22969359904527664 0.021860122680664062 0.0374666303396225
0 0.760703444480896 0.21362971514463425 0.02218683560689283 0.03712688386440277
0 0.6488666733105974 0.19700913876295092 0.0230595668156941 0.03782935440540314
0 0.6481657028198248 0.2527286335825921 0.020993471145629883 0.04156096279621124
0 0.7067399422327674 0.7967430353164672 0.020058711369832283 0.043425559997558594
0 0.7576787869135536 0.10260551422834392 0.027573664983113533 0.029718056321144104
0 0.6731231212615968 0.2757737487554552 0.020987828572591183 0.04046210646629339
0 0.6790853540102644 0.5663417279720308 0.026243964831034305 0.03117424249649059
0 0.6359293460845948 0.7789055109024049 0.019462982813517438 0.04010629653930664
0 0.6980890035629271 0.597183257341385 0.02286839485168468 0.032714903354644775
0 0.684706687927246 0.7680905163288118 0.021734237670898438 0.04300898313522339
0 0.6492965022722883 0.5684398114681245 0.02295641104380297 0.03387492895126332
0 0.7074110110600789 0.1482240632176399 0.020944515864054325 0.03262893855571747
0 0.7608434359232588 0.5958048105239867 0.02481842041015625 0.03629398345947277
0 0.7724134524663292 0.26198618859052647 0.019836346308390373 0.03877617418766022
0 0.6756857434908546 0.16381468623876583 0.023563345273335812 0.03940631449222562
0 0.6136499444643658 0.5540505945682525 0.027229269345601437 0.028908908367156982
0 0.685376763343811 0.6524998247623444 0.02173638343811035 0.038679540157318226
0 0.7142713467280072 0.19517549127340308 0.02206317583719908 0.035262659192085266
0 0.7331304550170897 0.1275748200714588 0.0242767333984375 0.03764366358518603
0 0.6995856364568077 0.10299022868275641 0.026132027308146233 0.031600989401340526
0 0.6077226599057516 0.6279856264591217 0.0221158266067506 0.033000051975250244
0 0.7594194809595745 0.8017057180404666 0.020566383997599247 0.0440609455108646
0 0.7538664738337197 0.1706058606505394 0.02341914176940907 0.03635407984256747
0 0.7104752063751222 0.7413968741893768 0.02000172932942712 0.041491687297821045
0 0.6628844738006588 0.686824858188629 0.01995563507080078 0.03511965274810824
0 0.6204685370127363 0.6629731357097629 0.02099053064982115 0.03704875707626343
0 0.6302793622016907 0.5922013521194458 0.02407991886138916 0.035947322845458984
0 0.6650532881418862 0.11782281100749968 0.023954709370931138 0.03772220015525822
0 0.6526023546854656 0.7384328544139862 0.01989070574442553 0.038079798221588135
0 0.5719483494758607 0.5515411794185638 0.01990950107574463 0.03051549196243286
0 0.6681912541389465 0.6121388673782349 0.023715535799662457 0.03551948070526123
0 0.734717845916748 0.771105259656906 0.020552953084309822 0.04078191518783569
0 0.6806886593500776 0.7182833552360536 0.021143515904744392 0.03971147537231412
0 0.6498877008755999 0.6421186625957492 0.022165020306905037 0.03948301076889049
0 0.6329301794370015 0.7021667063236235 0.020634293556213268 0.03922301530838013
0 0.7603674729665123 0.6984664499759675 0.020527521769205803 0.039868414402007946
0 0.7599044640858967 0.6392919123172759 0.023047606150309208 0.036674439907073975
0 0.7303333282470702 0.580667018890381 0.02356179555257165 0.03415203094482422
0 0.7139794429143269 0.6357606351375583 0.023559490839640262 0.03799074888229381
0 0.59847221771876 0.7120594084262848 0.02076454957326257 0.04161685705184947
0 0.7064639727274579 0.6885724663734437 0.022010167439778572 0.03967499732971158
0 0.5927056670188905 0.5913921892642976 0.02427724997202574 0.03313392400741577
0 0.7784277995427454 0.7628956139087676 0.019235690434773578 0.04154115915298496
0 0.7344866991043085 0.6768386960029602 0.021476825078328488 0.03937673568725586
