0 0.22296654550652753 0.08829586965995923 0.027058004635816403 0.046873059189110486
0 0.3135268674259296 0.9395428707725122 0.05353367677208965 0.036798711408648654
0 0.6522023161949468 0.10369473172907241 0.034329509177403184 0.06989341869688871
0 0.41685813769959557 0.07740585427535207 0.027157744469001262 0.040797233581542976
0 0.6875204119765966 0.08190989076045523 0.03247806482147719 0.0438703737760845
0 0.712432995177152 0.11721130839565343 0.03297629551580761 0.061501252023797234
0 0.44380254912794653 0.10166741672315101 0.028963412457739368 0.06606310292294157
0 0.5546794690583884 0.08822670317532726 0.03198509885553713 0.053076626961691346
0 0.6000609816166392 0.9311874791195511 0.058172750194170335 0.04327673661081432
0 0.4911496569538674 0.0968837424328453 0.030306052046212343 0.06270803066722133
0 0.5857231407834771 0.10885162102548701 0.03158841495625464 0.0657663094369989
0 0.22982302883215128 0.13934520252963953 0.03289163600631628 0.060896990592019605
0 0.46702883536355544 0.13925315622697793 0.031261511016310195 0.06321021966766892
0 0.34296851130256883 0.8905388346889559 0.06303787231445312 0.07035058004814287
0 0.41914887456168914 0.13471262496814393 0.03125361392372539 0.06633135310390538
0 0.7314557973404375 0.6475635997036052 0.03464218050415757 0.06711712218167498
0 0.5821241635328149 0.18556583973399385 0.03250028375993719 0.06920816187272985
0 0.5243608575118214 0.1213723065560324 0.03293252688402315 0.06648123891730051
0 0.35709450258846154 0.13136907627708033 0.03315186082271093 0.06581114886099829
0 0.27886218913117355 0.15679510016190373 0.03450768454033032 0.0674369878936232
0 0.6217693529630962 0.13255197123477333 0.03530058386730173 0.07068936866626407
0 0.39070020084492635 0.15308199849045068 0.03159127040216103 0.06743982381987987
0 0.3182133345576059 0.14838292305929618 0.03390955785561728 0.06635719433165435
0 0.7171109963578786 0.1835298872830575 0.038323697988052796 0.06588945890727801
0 0.21762503239146458 0.563405287893195 0.030421719913594242 0.07462953266344574
0 0.24753674289636454 0.1886974468565824 0.03750037031564099 0.06945104766310312
0 0.5526339882298518 0.15569019317626956 0.03543849298131396 0.07075617606179756
0 0.6456642150878907 0.19173134418956028 0.033816644322802514 0.07194196132191444
0 0.6108198556286552 0.2151624696296558 0.03221166064167591 0.08001007950096786
0 0.23303563971268504 0.8926269129702917 0.049546091180098645 0.07549419737698682
0 0.7008119103504203 0.9244894395794786 0.06249179059301902 0.05192237987852932
0 0.2226297255845097 0.2492462543019078 0.027292307357341946 0.07152244500946583
0 0.6800019113641034 0.22397970734981065 0.03651017752307206 0.07246835608231394
0 0.5001843324181628 0.16607532166598138 0.03277833280507586 0.06687211153800027
0 0.3695951651411446 0.2045431806330095 0.03011391176814926 0.07120958964029947
0 0.40653132834629685 0.2165574358220686 0.032218576174730396 0.07625241865191543
0 0.5301380269011559 0.20173344695777232 0.03641255696614565 0.059849270603112986
0 0.4767668205395082 0.21829626853005923 0.03652940716659819 0.07428550720214847
0 0.3378289875231289 0.1997814513089364 0.03212390029639539 0.06783542298434078
0 0.4397662647983484 0.186071839248925 0.035284878914816464 0.06673904887416912
0 0.7156653599432335 0.25907248781438474 0.03917529011330412 0.06562276472125156
0 0.480039808485243 0.9384516665810037 0.06180701897158253 0.06713987651624231
0 0.7247023554573281 0.32961527506510413 0.038692808987801586 0.062307926646450074
0 0.5231776098061723 0.26824005026566355 0.03569771393000731 0.0684197911045007
0 0.30065592269451313 0.22176914047776605 0.03673477619014981 0.07314332326253264
0 0.5650786907352201 0.2490876850328948 0.03794048822414109 0.06950800042403377
0 0.4883224308839317 0.30446608024731014 0.038670768514711185 0.07638770655581822
0 0.6402245460197941 0.2716627957528097 0.03723175762689601 0.07015576278954214
0 0.2924221551906296 0.29746276453921694 0.03831245466979627 0.067960170277378
0 0.24402746680187196 0.32602395509418686 0.03475294057388756 0.06632289551852039
0 0.42896304214209846 0.319613724424128 0.03637021605731455 0.06740941499408926
0 0.258845591405679 0.25348179800468573 0.03473899796692248 0.06943240918611229
0 0.6773716218290275 0.3095550202486807 0.0387775354218064 0.07279566714638158
0 0.4421748111122534 0.26257927375927304 0.04072633263660452 0.06524000669780533
0 0.35180864836040304 0.32984415690104163 0.03750931589226969 0.06687780012164218
0 0.3346913655598959 0.27266007138971693 0.03541734483506942 0.06698862711588541
0 0.6013265910901523 0.3042298869082804 0.038870872809873 0.07263555024799545
0 0.6167804651093067 0.8751175194455861 0.061780606096948014 0.060048555072985225
0 0.672301331458733 0.40688671982079233 0.03670403553031332 0.0746064437063117
0 0.2872091036790993 0.36638872246993226 0.04248620194998399 0.06706639340049347
0 0.4605266057956986 0.3626296562060974 0.041471648634525786 0.07513651931494975
0 0.3929161830255163 0.3577006323295727 0.03601877312911195 0.07557326868960736
0 0.713128251639026 0.39890240786368414 0.03870548002901131 0.07432244953356298
0 0.38398012083176275 0.27346565848902654 0.037524820071214826 0.0709455055102968
0 0.6400504530521863 0.36614739267449636 0.038746750145627784 0.07816515470805918
0 0.3933879116125273 0.46476231959828157 0.040554470486111105 0.07832259462590806
0 0.5134099770707692 0.37128759685315577 0.03894721137152768 0.07165788349352387
0 0.48845382601197 0.44107927355849946 0.04387232016401682 0.07161876611542284
0 0.5476398579558435 0.33434996688575075 0.03976288734123723 0.07132041663454275
0 0.4297549376013681 0.42651629866215224 0.03924359773334696 0.0742136971992356
0 0.24266689144379916 0.4052553846125017 0.041282854582134015 0.07088085643032133
0 0.5930679945917855 0.38798457697818156 0.04117213912874639 0.07394325524045697
0 0.7271188434801608 0.4969230283770649 0.039445798996596504 0.06851561027660719
0 0.23366342511093408 0.48541644581577265 0.0420085840057908 0.06921881960149384
0 0.682147176642167 0.8388896072119995 0.057247808802197486 0.06921319794236569
0 0.2980478967142385 0.6561485424376374 0.050772014417146405 0.07453449985437233
0 0.4615339089555351 0.5089066488701003 0.04186070313927731 0.07523874650921741
0 0.22374727572613992 0.6653576566461931 0.0459878486499451 0.0731328997695656
0 0.5221094276472841 0.5067797041775889 0.04721725196169136 0.07187528777540775
0 0.6188201458133453 0.46324420393558974 0.042247125279833764 0.06954618085894676
0 0.35437593962016833 0.41879690739146436 0.04260624221890962 0.07664730674342107
0 0.5563245851394027 0.44473408816153553 0.04461317452770929 0.07906987374289004
0 0.6875326145462125 0.5678297344006993 0.047945970680281495 0.06965824595668868
0 0.7250448081925599 0.7742708105789989 0.04655746549193629 0.07215299104389428
0 0.6688708478247214 0.5000892773009186 0.04678407189441702 0.07191728290758631
0 0.2804450207983541 0.5087714278907106 0.041716168498435235 0.06880114371316504
0 0.4144830759505778 0.9066166124845805 0.059721517284013925 0.06731602183559482
0 0.27423831872772747 0.8296010870682567 0.058810406958150596 0.07513976515385146
0 0.6071702611376666 0.5435337100112648 0.0440744768109238 0.06764746548836698
0 0.29318555196126295 0.44200167739600466 0.044606682849906376 0.06665333530359097
0 0.598226669936152 0.7048092557672867 0.04547636690195544 0.07580412479869103
0 0.3186507085610552 0.5508975982666017 0.04185394376342061 0.07885119789525086
0 0.36688481157983255 0.5332966520075211 0.04262040790758636 0.0735954820064077
0 0.5038185788874042 0.586542430676912 0.04327008877581312 0.07001160738760959
0 0.42035186499880095 0.5570785455536424 0.046506245930989565 0.07640885470206282
0 0.30056692424573406 0.7444626992208917 0.050391905489023614 0.06888319316663227
0 0.5120040715089318 0.8702553866202372 0.06031656544110941 0.06229293555544135
0 0.25874108877795476 0.5966800723159522 0.04362391867832832 0.07490208274439758
0 0.22858372069241725 0.7620123143781699 0.04727023386815837 0.07487200017561002
0 0.6911479659944954 0.6722983644719708 0.047820687991136694 0.07671222352145013
0 0.4256418685466921 0.7271008407860474 0.04846637569672879 0.07167146916975053
0 0.4965157313653602 0.7836195293225748 0.05551495468407369 0.06393459386992872
0 0.36428424768280565 0.7994295756022134 0.05422665780050718 0.06986343651487081
0 0.43874820910002055 0.8244467952795198 0.05578135886387518 0.06829131276984046
0 0.5608557539376599 0.5809116028902824 0.04348692419933298 0.07745013320655147
0 0.6358364618312548 0.616321764494243 0.04745224623652234 0.07116110283031785
0 0.4474777757075795 0.6410597081769979 0.05142952545344482 0.07775925753409396
0 0.6548804344489559 0.7477087388958852 0.05073819522969202 0.06863396627861162
0 0.3671213339643868 0.7027612318072401 0.04847645899008569 0.06926037972433485
0 0.5515960336428638 0.707313838757966 0.04226791649534 0.07690155296994894
0 0.3753564845748813 0.6217751753957644 0.04670813487984288 0.06378936767578125
0 0.49627453541895117 0.6931089434707377 0.0484374643069263 0.07061700653611559
0 0.5928385550515692 0.803084557516533 0.05269140946237661 0.05959326760810679
0 0.6788180784371162 0.14329914887155573 0.03514394961763401 0.06536774628879892
