0 0.6129043537698458 0.4836923475600058 0.01826663669064743 0.04053020565971188
0 0.39182710647583 0.43449201910445157 0.018039941787719727 0.04189348759752348
0 0.4187519152959189 0.42972712678275504 0.017299493153890066 0.0442156585566606
0 0.6097229123115538 0.4150006920099261 0.01933896541595459 0.040805965662002563
0 0.49215758265879933 0.6473230967984955 0.02042040073528267 0.0403973696043165
0 0.581277083624037 0.5033775990240952 0.021053013665215836 0.04375037054880054
0 0.5441702785300379 0.3940727900326766 0.018500824340527355 0.04526803709278887
0 0.48433533398567347 0.4542939263848267 0.02014013788968821 0.040748651079136666
0 0.5153651975947864 0.42666054971184714 0.01896919964028776 0.04332318320207468
0 0.5609835602563904 0.6030120900920916 0.0200024083698368 0.03678547309798308
0 0.41543159882227587 0.47805308039926814 0.021347641944885254 0.043112312474714025
0 0.5877997676531475 0.5776866674423217 0.022486329078674427 0.04268085956573486
0 0.5350350758035964 0.5166463881654021 0.020838932077092753 0.04180249550359704
0 0.40577417612075783 0.5612983718475936 0.021158576011657826 0.040475842364383174
0 0.39683578411738074 0.51133930683136 0.020524223645528084 0.039889574050903376
0 0.44668942689895585 0.46834518537763237 0.019606073697408077 0.04355890287769787
0 0.5125549457962252 0.48309900732007827 0.022247826738609144 0.04285633992805754
0 0.41011953353881836 0.677840352058411 0.02260986963907874 0.04204368591308604
0 0.6054845677172522 0.5356565117836001 0.021693701276107147 0.0401386022567749
0 0.3913166324297588 0.7270182371139525 0.02028048038482666 0.03818511962890625
0 0.5036799112955727 0.5424655765646831 0.019913752873738644 0.04215377697841727
0 0.4073833028475443 0.6098304650191866 0.022083481152852413 0.03880327165214292
0 0.5460544625918071 0.6745332777500156 0.021296699841817257 0.04166322946548472
0 0.5990991592407225 0.740624964237213 0.025250275929768695 0.03197300434112549
0 0.4486447771390283 0.7104553878307346 0.024342020352681515 0.03613787889480591
0 0.4356647971889941 0.5254284250359057 0.021932650331967726 0.046720436151079126
0 0.5795439084370938 0.6684485971927638 0.02243773142496741 0.041972577571868896
0 0.5282372755565503 0.584783835147791 0.02085918640261053 0.03901456197047426
0 0.4396457105113148 0.5863757609172008 0.021933203783249478 0.0400460881294965
0 0.47344560826624904 0.5541300271766737 0.023184577338129567 0.03709151244508302
0 0.4783542106644698 0.5983360197329778 0.020861377337851095 0.03158195539002817
0 0.5643294056256611 0.7282476127147671 0.02578206857045484 0.03554755449295044
0 0.6108582541978317 0.6926957666873931 0.023295586434196602 0.03474348783493042
0 0.4242174228032431 0.7392422556877137 0.026039600372314453 0.031046509742736816
0 0.4337217215035159 0.645456671714783 0.02207179930484276 0.03960680961608887
0 0.6021840572357176 0.6322019398212434 0.022572120030720955 0.0384274125099181
0 0.5217953817902982 0.6453769957273211 0.02203359144111028 0.04212567105909004
0 0.5072406729062399 0.7050741910934452 0.02405766646067292 0.038408517837524414
0 0.5314943790435792 0.7340400815010067 0.02639913558959961 0.03290724754333496
0 0.46158599829459246 0.6609826094238107 0.02161153109439268 0.03837061054073665
0 0.47705417871475214 0.7294336259365081 0.0245436429977417 0.03336590528488159
0 0.5614008357404743 0.36756685734813277 0.018016247379454953 0.0436075078616352
0 0.5823856693358619 0.3904454442192019 0.018220977463312527 0.04514298349056606
0 0.5985593459606 0.3648030012160575 0.01699259696016764 0.04299331761006286
0 0.5664167227949816 0.4222297897380699 0.021087198637316562 0.0436075078616352
0 0.5365261305517949 0.45078963643618325 0.019858818134172007 0.04790683962264164
0 0.5614008357404742 0.4741288659959318 0.023748689727463246 0.044835888364779974
0 0.5942600141995937 0.44526192417203214 0.020268278301886822 0.0436075078616352
0 0.48861929092915335 0.4071821285745479 0.01985881813417195 0.044221698113207634
0 0.514210551411334 0.3767797111217178 0.019858818134171896 0.04115074685534593
0 0.5335575443358623 0.3517514583701454 0.017606787211740027 0.04391460298742123
0 0.4684533776691954 0.38123259044561697 0.018835167714884637 0.04452879323899367
0 0.45576011247003395 0.42100140923492524 0.01965408805031449 0.0417649371069182
0 0.43457054879078877 0.4054931053827239 0.01863043763102723 0.044528793238993725
0 0.4470590839060926 0.3678739524739191 0.0190398977987421 0.0417649371069182
0 0.4026326557090277 0.3959731564833529 0.01822097746331236 0.043300412735849
0 0.4319090577006419 0.33962120090159187 0.015764216457023028 0.039922366352201366
0 0.4174755867886922 0.36557073903052273 0.017606787211740027 0.03961527122641506
0 0.40119954512202566 0.3353218691405857 0.016583136792452824 0.0417649371069182
0 0.4475709091157366 0.31612842377895056 0.016787866876310342 0.03715851022012573
0 0.46292566540504454 0.33532186914058576 0.016787866876310342 0.04237912735849059
0 0.5216831994721303 0.32303806410913916 0.015150026205450806 0.03807979559748431
0 0.6120715314951911 0.3313296325053656 0.016583136792452824 0.041150746855345866
0 0.3877897246293632 0.3615785023953027 0.015559486373165676 0.04145784198113217
0 0.4725479793463441 0.5017674273166863 0.022929769392033617 0.04115074685534593
0 0.5576652613903318 0.5468395675585455 0.0242696005917159 0.042471801035502965
