0 0.2087633679484763 0.11748753095927991 0.03383658782780513 0.06156324085436369
0 0.6616102519788241 0.12189041940789473 0.03523870100054838 0.06805985434013499
0 0.1953030636436061 0.544995676007187 0.030359413191589 0.07633587352016513
0 0.4731213307520101 0.07577663973758095 0.03094143337673605 0.06356583143535412
0 0.5065669232641744 0.1007648037191023 0.033048797072025626 0.06718392539442633
0 0.4001730534068325 0.11324618992052579 0.03180881968715743 0.06724024655526144
0 0.25814710025898896 0.13470859694899173 0.035301297728778325 0.06871181621886135
0 0.5366151374683045 0.06684049388818575 0.03237303795173152 0.05413559863441869
0 0.4485020776938277 0.11820569791291886 0.032035069158899976 0.06375444981089808
0 0.7008038124842951 0.16226439726980105 0.03908280043574097 0.0672843163473564
0 0.5678537156846789 0.08849352284481649 0.03205992046155448 0.06663454624644494
0 0.6044288769102932 0.11192453534979568 0.03582130119814497 0.07199716567993163
0 0.37122626053659546 0.13165655470730966 0.03235603912531998 0.06828641054923075
0 0.48183354160241926 0.1455941827673661 0.03361399689613037 0.06758498308951397
0 0.2980744434378998 0.12673884107355485 0.03440977397717926 0.06719199398107698
0 0.3373789982488978 0.11027123216997115 0.033844864159299604 0.06579179094548811
0 0.5933364065069902 0.1949778188738906 0.03301225628769189 0.08201734643233446
0 0.5795510498403807 0.9169379786441203 0.05854739362036277 0.04445260031181498
0 0.5347255684478938 0.13514531704417446 0.03604509677106171 0.07129683410912226
0 0.22650593763206434 0.16742019067730812 0.03858079966048744 0.07032570922583864
0 0.6634438721060054 0.20348877655832404 0.03746965196397567 0.07381119644432738
0 0.5643101742393092 0.16499787882754677 0.032999228315743645 0.07005455619410461
0 0.38680530570403865 0.19556267219677304 0.03293828239217833 0.07687707532916149
0 0.6284681175187316 0.17134511261655572 0.03468884919819071 0.07356572569462289
0 0.2009618101064225 0.22806652805261451 0.027728454411378393 0.07209971913120203
0 0.3497781251606189 0.18324479722140133 0.030571229276601386 0.07164003137956584
0 0.6993647346719664 0.23871224386650222 0.039986058285361725 0.06695610180235748
0 0.512130358065778 0.18098460582264686 0.03729725441737475 0.060494155214543925
0 0.31755601314076215 0.17871728696321187 0.03299878215232088 0.06901615544369344
0 0.4205827991864835 0.16503909177947462 0.03629713448864691 0.06764034639325059
0 0.7143840678254069 0.6314105652926263 0.036102027223821276 0.06740543298554014
0 0.45805731433176855 0.19778034979836978 0.03738220393309116 0.07509413936681916
0 0.6807352478741204 0.9114658623410946 0.06272803412543404 0.05423127559193396
0 0.7085526895801926 0.3099986377515291 0.039476941203513416 0.06328969252736943
0 0.46944907115913964 0.2843942809523197 0.03969573974609364 0.07733696385433803
0 0.6230555751867461 0.25166504843193194 0.03823343912760424 0.07097398189076223
0 0.5472388908877012 0.22889430899369084 0.03866693150927458 0.07047293478982491
0 0.6965217144168608 0.38042215715374866 0.03950888650459161 0.07567114579050155
0 0.5047095226265534 0.24813762464021388 0.03649375870911009 0.06891899778131855
0 0.6228363081725719 0.346870037547329 0.03986287256430465 0.07949705291212639
0 0.409287502891139 0.29948140863786676 0.036913464641013305 0.06820109852573336
0 0.23769772401330078 0.23253023415281057 0.0354157163385759 0.0706877959401984
0 0.3642618279708059 0.252639143090499 0.038253248783579996 0.07193078492817123
0 0.42285644798948063 0.24184878667195633 0.041341904311152256 0.06593725974099676
0 0.5836639627378587 0.2840793007298519 0.03979425262986569 0.07405371414987666
0 0.529471927218967 0.3146199092530368 0.04087619893034999 0.07225958506266267
0 0.6605311165079041 0.28980716906095794 0.03956318459315611 0.07402199193050983
0 0.21024902522215372 0.876929333335475 0.049985517535293324 0.07532614992375952
0 0.6551100524545415 0.38810308356034134 0.03712311683342462 0.07630010236773571
0 0.37255813643249164 0.33745777397824994 0.03644880774425485 0.07634102670769943
0 0.22235365081251712 0.30566074973658514 0.03515564767937904 0.06751559073464902
0 0.3211325037549114 0.8750116114030806 0.0634189181857639 0.07100858186420678
0 0.4411107113486843 0.34291493265252376 0.042521158854166685 0.07591036746376456
0 0.28010001377752647 0.20048548045911285 0.03736328660396104 0.07412756535044884
0 0.4588521544696295 0.9202762737608794 0.06225001463416019 0.06149298684638838
0 0.2714832930536995 0.2767229665789688 0.03896030626798935 0.06902217864990245
0 0.2660587154633817 0.3460599330433628 0.043455469678019776 0.06842476024962302
0 0.31413667243823673 0.2517203364455909 0.03619543153640126 0.06754903626023678
0 0.3727826124046281 0.4455956743474593 0.0411197595429002 0.07980336641010494
0 0.3312401576348913 0.30934444226716706 0.03840717516447367 0.06806162783974118
0 0.49477103160835867 0.35207159477367733 0.03969199197334167 0.07251946967944739
0 0.7104707015188118 0.47902774810791016 0.04012432433011249 0.06951010854620687
0 0.6010561045150312 0.4448967147291752 0.04307966622692804 0.07059876960620554
0 0.22071964420073212 0.3854578085112991 0.04159534744351928 0.0721696217854817
0 0.4096455044216581 0.407178895515308 0.04000162938882029 0.07461383886504591
0 0.5752813328079314 0.36892007526598475 0.04161437631350518 0.07535914370888158
0 0.5966453106082672 0.8603512613396892 0.06236030623229628 0.06072014256527547
0 0.669901284558034 0.5502434446100603 0.04834149455466452 0.07034502531352793
0 0.6511460912157919 0.4819308498449492 0.04748789469401049 0.07340608563339496
0 0.20196287255538134 0.6479976720977245 0.044702775297109115 0.07427791126987349
0 0.21125535797654532 0.4660106625473289 0.04286700243141217 0.06957328528688667
0 0.35395945721899563 0.6041841005024157 0.0474227325260988 0.06471981918602665
0 0.4416447466577005 0.4907154785959344 0.0425977651138752 0.07580844142980747
0 0.5377092640302333 0.42556190490722634 0.045213353564167565 0.0802757530881647
0 0.7067365367510163 0.7591297751978826 0.04761754978469924 0.07283742804276316
0 0.4690940143072117 0.42225375928376857 0.04472382305658357 0.07295133356462447
0 0.25859910842270883 0.4898934113351923 0.042122868766561544 0.06984098334061467
0 0.33347497906601214 0.39903386433919275 0.0432387904116982 0.07807373582271099
0 0.2717378404405381 0.42243184541401135 0.04528255351105631 0.06787624693753436
0 0.20535939199882644 0.7452768024645353 0.04873758728741209 0.07556085419236559
0 0.5029332344992119 0.48846107616759177 0.047681083456117435 0.07248834978070184
0 0.6626650492350259 0.8243219810619691 0.05755771391573016 0.07019799215751765
0 0.34579910590634705 0.5150219097472074 0.043466869153474474 0.07427222268623225
0 0.25208716364631867 0.8135556672748767 0.059113552695826355 0.07580700255276862
0 0.3998156541969343 0.5388399927239669 0.04709594012701023 0.07781363370125749
0 0.5885871753358005 0.5257220351905153 0.04506089952256964 0.06867840415553067
0 0.6727986698262177 0.6560351388496264 0.04844509370145734 0.07782537895336483
0 0.2968513198763306 0.5322991923282022 0.04258453636838677 0.08039250290184687
0 0.5791905944110356 0.6881375229149533 0.04624943426477957 0.07687899940892262
0 0.4841181214092768 0.5687775862844365 0.04407911691052174 0.07049681010999176
0 0.5317620617604395 0.6907312493575245 0.04285497832716557 0.07781232867324539
0 0.345803299842522 0.6860590148390387 0.04953732406883908 0.07016104982610327
0 0.2363431718614367 0.5789204480355247 0.044493937352944546 0.07637000502201552
0 0.617468337566532 0.5991457554331994 0.047860441152115296 0.07213612606650899
0 0.2758277424594812 0.6386263997931231 0.05139032999674475 0.074735072621128
0 0.5418402911626805 0.5631962157132332 0.04409562495716834 0.0789156462016859
0 0.2785704763312089 0.7277714244106357 0.051211708470394746 0.06994602136444594
0 0.6360225342867668 0.7319904126619037 0.05124655383372179 0.0698703966642682
0 0.49122258236533717 0.8546102758039509 0.06055954604120989 0.06264100994980137
0 0.47586958589609596 0.676091578968784 0.0493082414593613 0.071294014913994
0 0.4758883693761992 0.7674263736657926 0.055745308859306564 0.0645312259071752
0 0.4268977293494151 0.623370321173417 0.051977860300164484 0.07812433075486613
0 0.39314832185444076 0.8909544359173693 0.059996487801535 0.06753774274859514
0 0.40460314388163604 0.709947853757624 0.049385249266150455 0.07212434735214501
0 0.5730427301418016 0.7874635060628257 0.05334396808468112 0.06079362568102386
0 0.34281390452245525 0.7830324674907484 0.05496987683034088 0.07049507007264254
0 0.4175486648291873 0.8085237804212069 0.0565279687357228 0.06922879135399529
