0 0.5406971772511797 0.7766093719600565 0.027230580647786384 0.06292738687970745
0 0.5451001203916123 0.37684939966957304 0.018031334253479914 0.0504740168539326
0 0.47956111033757537 0.7398180128542496 0.02737247943878179 0.06957716969806249
0 0.39671764771143603 0.7805884778499602 0.02687966823577881 0.05941087007522583
0 0.49058111508687363 0.7961333096027375 0.026906490325927623 0.05519646406173706
0 0.28627935335507426 0.8074793997164794 0.018809809576065983 0.05056408698483894
0 0.35316367944081634 0.7393674924861451 0.024096886316935184 0.061700120546631536
0 0.41825099786122644 0.7372610794083729 0.02677210172017413 0.06481568546622085
0 0.43583752711613977 0.7852516770362853 0.02531874179840099 0.06165933609008789
0 0.46493001778920495 0.8185538649559022 0.025109132130940733 0.0542604923248291
0 0.28474419315656024 0.620683221407714 0.019821345806121826 0.06535201944506641
0 0.31740478674570727 0.8163268566131593 0.02367357412974042 0.04700922966003418
0 0.35331191619237273 0.7964707016944885 0.02852078278859466 0.05218970775604248
0 0.5368257761001587 0.7098801136016845 0.02498650550842285 0.06321465969085693
0 0.32757883270581556 0.7232396006584166 0.025172611077626524 0.0695115327835083
0 0.5401931603749593 0.30609566600057564 0.02403712272644043 0.057018352169455666
0 0.27490305900573736 0.1307152546942234 0.018376906712849972 0.04090084880590439
0 0.44222533702850336 0.7016398012638095 0.025633811950683594 0.0671418309211731
0 0.35902555783589674 0.6776095926761624 0.025190114974975534 0.06290441751480069
0 0.29719138145446783 0.4931870102882383 0.03066786130269378 0.04866671562194824
0 0.38300009568532295 0.7274928689002987 0.023728768030802313 0.06570744514465332
0 0.504060387611389 0.6870487630367279 0.026609420776367135 0.06805366277694702
0 0.374277134736379 0.6231785714626311 0.025071581204732185 0.06163781881332387
0 0.5369268457094828 0.22423335289274748 0.025785326957702637 0.0583483154637634
0 0.46938550472259516 0.6677559912204746 0.027113993962605772 0.06731611490249634
0 0.40010670820872013 0.6769747734069824 0.02656467755635589 0.06296992301940918
0 0.4262192050615947 0.6369515061378482 0.024179498354593876 0.06540644168853793
0 0.29514712095260626 0.6826020777225494 0.026792724927266535 0.06905740499496471
0 0.5264289577802024 0.6398358941078186 0.026836435000101688 0.06027531623840332
0 0.5341814337159438 0.15163653098979776 0.02596696655248698 0.05650895365168542
0 0.4486645062764483 0.6038786470890044 0.025726636250813898 0.05881088972091675
0 0.3303058544794719 0.643683522939682 0.025214433670043945 0.06253165006637584
0 0.3169686098893483 0.5996902287006378 0.024220208326975468 0.04912787675857544
0 0.5171584288279214 0.573802471160889 0.027293841044108147 0.05284273624420166
0 0.48595523834228516 0.6122070550918581 0.026569922765096066 0.06339657306671143
0 0.4019069870313009 0.5909185111522676 0.026467521985371886 0.06547611951828003
0 0.5141554673512776 0.43905028700828547 0.029144128163655577 0.04622071981430054
0 0.4345185955365498 0.5338298976421357 0.028992772102355905 0.05690449476242055
0 0.4716687798500061 0.4803128242492673 0.027762293815612845 0.05178439617156977
0 0.4756334821383158 0.544233471155167 0.029106895128885927 0.05317264795303367
0 0.35520595312118525 0.5736757218837737 0.027564167976379447 0.0583220124244691
0 0.49624862273534154 0.2519172827573577 0.030264655749003114 0.054077128535119916
0 0.4211528499921164 0.46935875737857324 0.027518391609191947 0.06296232390784234
0 0.4904183348019919 0.17675023005841864 0.03207504749298101 0.048581506283309144
0 0.3051351904869081 0.5489374399185182 0.029570778210957823 0.05482923984527588
0 0.5021740595499673 0.38567067682743067 0.02899567286173499 0.05151960253715515
0 0.44259142897995235 0.1902906211466204 0.032981038093567006 0.052717276147028806
0 0.5170868039131163 0.5062655210494994 0.02921052773793531 0.05097723007202154
0 0.3340976039568582 0.33041961491107935 0.030027588208516476 0.055446773767471313
0 0.293162763118744 0.43803039193153365 0.02756635348002118 0.042607307434081976
0 0.4455629589405848 0.267359567146516 0.03161569436391193 0.05109869594499045
0 0.3823776046435039 0.5110578387975693 0.02863609790802002 0.05765226483345032
0 0.38278430700302124 0.37145149707794206 0.0300670067469278 0.053340017795562744
0 0.2859627604484558 0.324152871966362 0.029548168182373047 0.05220708250999456
0 0.4933309753735859 0.10948282480239867 0.033746679623921694 0.03346163034439088
0 0.35083695252736397 0.46276643872261064 0.026649077733357673 0.05855089426040655
0 0.4403444131215414 0.3601250499486925 0.02970631917317706 0.054526954889297485
0 0.38985768953959143 0.4371243715286253 0.029683272043863954 0.05268990993499756
0 0.3417203823725382 0.20899603515863419 0.03169663747151691 0.05243642628192899
0 0.4886538982391357 0.3274792283773423 0.029566287994384818 0.045272678136825506
0 0.2969177961349487 0.2561609596014022 0.03303066889444989 0.05414834618568423
0 0.4020951986312867 0.31799869239330286 0.03197201093037921 0.0506955087184906
0 0.45980326334635424 0.4144101440906524 0.030832290649414115 0.0564668774604799
0 0.3905382951100668 0.11722945421934124 0.037395079930623465 0.03471435606479646
0 0.45015541712443 0.1303134262561798 0.036453962326049805 0.03989580273628235
0 0.30481072266896564 0.17849242687225333 0.03130010763804114 0.04660278558731076
0 0.39577106634775794 0.23476021736860267 0.032582839330037416 0.04777003824710849
0 0.3815941810607908 0.16849350184202194 0.036585330963134766 0.04703237116336825
0 0.3612554073333742 0.28155604004859913 0.03108978271484375 0.053589701652526855
0 0.333176910877228 0.40129454433918 0.02926703294118249 0.050583094358444214
0 0.3319034973780313 0.12578801065683365 0.03684083620707185 0.0421525686979294
